0.000000000000000000e+00 3.451637364497360522e+03 6.613702136578522186e+03 6.336376477812425037e+03 5.815157005888459935e+03 6.037750704167305230e+03 5.228640957679262101e+03 5.787547634124985052e+03 5.980450448399002198e+03 6.412833991673620403e+03 5.837244759404256001e+03 5.714194470184217607e+03 5.477335248416736249e+03 5.342629622608980753e+03 6.663969202623909950e+03 6.870965631798309914e+03 6.133944674525233495e+03 6.069069062830061739e+03 5.427550334120415755e+03 5.480717114283969750e+03 7.555630624843020996e+03 6.299316987837603847e+03 5.257243732013492263e+03 5.421404117438497451e+03 7.560877303030886651e+03 6.483724825152406993e+03 5.944493741528701321e+03 5.939212807599681582e+03 5.866585162194795885e+03 5.655292796419385922e+03 6.555515683545628235e+03 6.640625475898263176e+03 5.464455143912389758e+03 5.500359106150111984e+03 7.112455178739613984e+03 6.333026791042212608e+03 7.910397309582214803e+03 8.425121972910377735e+03 6.905451101215237031e+03 6.846944198180428430e+03 6.172878466485951321e+03 6.908225825884737787e+03 7.035165146555412321e+03 6.556108589567705167e+03
3.451637364497360522e+03 0.000000000000000000e+00 6.164115637287291065e+03 5.777146811431021888e+03 5.119431187208048868e+03 5.343893423058956614e+03 4.724627633275393237e+03 5.449008462941258585e+03 5.791630198923149692e+03 6.111403668974544416e+03 5.154049360536027052e+03 5.090105584684061796e+03 4.740643506996198994e+03 4.614637639646202842e+03 6.207046112005549730e+03 6.416841329247513386e+03 5.691123164219990031e+03 5.597812780049709545e+03 5.124812639685510476e+03 5.064128167979180034e+03 7.133306067550596708e+03 5.802398324760054493e+03 4.675298825546461558e+03 4.800495737547792487e+03 7.024138924032862633e+03 6.184205633130757633e+03 5.734819453600927773e+03 5.433742580042479858e+03 5.275707907284950124e+03 4.746988833837727725e+03 5.968336439098065966e+03 6.287273390711122374e+03 5.003548457598773894e+03 5.018649545111499719e+03 6.534689114856431843e+03 5.948847141873355213e+03 7.076534422159494170e+03 7.673351189487299962e+03 6.407486229533081314e+03 6.258066770313381312e+03 5.351653833434360422e+03 6.195035032189804951e+03 6.796430650917938692e+03 6.424839999461904881e+03
6.613702136578522186e+03 6.164115637287291065e+03 0.000000000000000000e+00 3.893756876670121073e+03 6.505289459546421313e+03 6.641664168261668237e+03 5.435000110891290205e+03 5.843890751069104226e+03 6.260921844233678712e+03 6.567825061440247737e+03 6.248990718695068608e+03 6.055611619023407002e+03 7.019003252485620578e+03 6.716621655229407224e+03 6.964814725212392659e+03 6.860372790114417512e+03 6.326232209190498907e+03 6.351548054539650366e+03 6.535376618267362574e+03 6.811078631142418089e+03 7.236822686636871367e+03 6.416239208621048419e+03 6.743998273926945330e+03 6.360911934048892363e+03 7.036347221709391306e+03 6.861928018716211227e+03 6.630773570456331072e+03 6.554086982199346494e+03 6.562930535277162562e+03 6.066448470135968819e+03 6.902071446110958277e+03 7.117077931166823873e+03 6.669637732354963191e+03 6.693354245950362383e+03 7.994148071235395037e+03 7.275585187314030918e+03 8.523377102157515765e+03 8.868876882330216176e+03 7.464846139254208538e+03 6.989239115462446534e+03 7.387197432783544173e+03 7.517316985704062972e+03 6.717960032445872457e+03 6.891170476525421691e+03
6.336376477812425037e+03 5.777146811431021888e+03 3.893756876670121073e+03 0.000000000000000000e+00 5.992511413052809075e+03 6.105413098769059616e+03 5.502645188439707454e+03 5.725272179072650033e+03 6.287260489716277334e+03 6.513714967471826640e+03 5.819857210881275932e+03 5.561400572010385076e+03 6.736363135562218304e+03 6.490228207533068598e+03 6.629598409167463615e+03 6.568231008475486306e+03 6.253122341966943168e+03 6.239187614141002996e+03 6.381144140840701766e+03 6.650910671222337442e+03 6.879321337024047352e+03 6.055420280849861228e+03 6.714307168965377059e+03 6.240136973279183621e+03 7.125452538609417388e+03 6.807847228971019831e+03 6.362473159527107782e+03 6.365674772526545894e+03 6.469200625500230672e+03 5.949486430679506157e+03 6.939344186137274846e+03 7.132053812220323380e+03 6.556678268626841600e+03 6.665217946535762167e+03 7.749596939576205841e+03 6.879238824800725524e+03 8.563579309877817650e+03 8.974717675111454810e+03 7.350127539088390222e+03 6.835735967490441908e+03 6.976875412985593357e+03 7.360734635959207480e+03 6.711812328657819307e+03 6.527590545852979631e+03
5.815157005888459935e+03 5.119431187208048868e+03 6.505289459546421313e+03 5.992511413052809075e+03 0.000000000000000000e+00 3.185711191742725077e+03 5.357630532758534173e+03 6.069045605275343405e+03 6.212213008938720122e+03 6.437125299825965158e+03 5.324142105056339460e+03 5.263944044043623762e+03 5.375496318644363782e+03 5.097579939010232920e+03 6.699058395630350788e+03 6.725084901665991310e+03 5.595309429140428620e+03 5.857922656567562626e+03 5.788129818248458832e+03 5.749871845647149712e+03 5.652082412223810934e+03 4.748892797007300942e+03 6.116087067694973484e+03 6.087164448178151360e+03 7.318080619862084859e+03 6.572190943590626375e+03 5.864398672092133893e+03 5.383803415092997056e+03 5.968863308961566872e+03 5.336934212327975729e+03 6.342786052168876267e+03 6.760849800766064618e+03 5.808776070013015669e+03 5.813011320206011987e+03 7.335929825127928780e+03 6.494029611925036988e+03 7.834868170519823252e+03 8.134748907156264977e+03 6.179871153144967138e+03 6.151783492236220809e+03 5.876206290696321048e+03 7.024086249596979542e+03 6.724396986406552969e+03 6.494886024670947336e+03
6.037750704167305230e+03 5.343893423058956614e+03 6.641664168261668237e+03 6.105413098769059616e+03 3.185711191742725077e+03 0.000000000000000000e+00 5.459068858380322126e+03 6.298292714982877442e+03 6.266697132342638724e+03 6.557907373002973145e+03 5.413624672156704946e+03 5.187216606643421983e+03 5.414865400720000252e+03 5.279740824269364566e+03 6.778636708542469933e+03 6.861688704284806590e+03 5.625832039161134162e+03 5.835198006916379200e+03 5.771589410738566585e+03 5.716807697281285073e+03 5.294419445325173001e+03 4.428885885932866586e+03 6.334247523318433196e+03 6.287257720144923042e+03 7.614926851321562026e+03 6.904611646073682095e+03 6.030206439763534945e+03 5.535260559053051111e+03 6.216030219257437238e+03 5.596837986477671620e+03 6.760925793967157915e+03 7.114929158329224265e+03 6.070236973877192213e+03 6.184003763309945498e+03 7.427059912241367783e+03 6.514997505902720150e+03 8.033600579609678789e+03 8.586359191811277924e+03 6.521912410652949802e+03 6.297757884280982580e+03 6.173212859194870362e+03 7.245705593504376338e+03 6.931338660031226027e+03 6.782947080150841430e+03
5.228640957679262101e+03 4.724627633275393237e+03 5.435000110891290205e+03 5.502645188439707454e+03 5.357630532758534173e+03 5.459068858380322126e+03 0.000000000000000000e+00 3.671858318725093341e+03 5.061893452515274475e+03 5.431644865652532644e+03 5.386071405224744922e+03 5.323884048841708136e+03 5.644286533718059218e+03 5.427077779971804375e+03 5.797746704032639173e+03 6.066438314229595562e+03 5.464812458850286021e+03 5.445254480364430492e+03 4.805973361008042957e+03 4.824707563752221176e+03 7.021728168043021469e+03 5.910690123520982524e+03 5.487527077603946054e+03 5.350378755583171369e+03 6.682962933097011955e+03 5.901171559813294152e+03 5.584805235958598132e+03 5.421388594084240140e+03 4.828905704147746292e+03 4.246977692022627707e+03 5.137839911830765232e+03 5.438895179316648864e+03 5.526517738527108122e+03 5.448009696721384898e+03 6.660429293945589961e+03 6.175706982727888317e+03 6.782462288217536297e+03 7.545461966324497553e+03 5.977841276916857169e+03 5.912514729473380612e+03 5.151606976054771621e+03 6.131857691348607659e+03 5.956647910712707926e+03 5.904267923999547747e+03
5.787547634124985052e+03 5.449008462941258585e+03 5.843890751069104226e+03 5.725272179072650033e+03 6.069045605275343405e+03 6.298292714982877442e+03 3.671858318725093341e+03 0.000000000000000000e+00 5.812147118402599517e+03 5.867034841564878661e+03 5.738222940350940007e+03 5.706582982416786763e+03 6.166363886438776717e+03 5.883160002097355573e+03 6.219891615808416645e+03 6.306453513724441109e+03 5.944879701815701083e+03 6.022120154701712636e+03 5.487028668185004790e+03 5.486141766278959949e+03 7.491241740386513811e+03 6.532951259343579295e+03 6.162438702394433676e+03 5.927663799980794465e+03 6.866604584096828148e+03 6.181424664737482090e+03 6.193854374325209392e+03 6.316287399201062726e+03 5.533332520587866384e+03 4.826016950011724475e+03 5.811482756662556312e+03 6.175112276890942667e+03 5.938786211651525264e+03 5.858114995306112178e+03 7.567247006719329875e+03 6.654817226156257675e+03 7.158360697790977611e+03 7.842979408068626071e+03 6.440707172428929880e+03 5.990604549395149661e+03 5.917027217630654377e+03 6.797137801228428543e+03 6.474195250079106700e+03 6.432928473841190680e+03
5.980450448399002198e+03 5.791630198923149692e+03 6.260921844233678712e+03 6.287260489716277334e+03 6.212213008938720122e+03 6.266697132342638724e+03 5.061893452515274475e+03 5.812147118402599517e+03 0.000000000000000000e+00 3.857762861951331161e+03 6.333243650079019972e+03 6.297827430966906832e+03 6.093449771966022126e+03 5.788952940860873241e+03 6.545056747648919554e+03 6.806809217377280220e+03 6.053401839848791496e+03 5.887953965476113808e+03 5.986998610239113987e+03 5.988593063416655241e+03 7.113400747777331162e+03 6.125245903057794749e+03 6.506076731759148970e+03 6.431991439132601045e+03 7.946675874308313723e+03 7.169744777683657048e+03 6.357947400016692882e+03 6.321750102728152342e+03 6.426803608932849784e+03 5.861284879990710579e+03 5.522948363696988054e+03 5.377110228810758599e+03 6.644448762329754572e+03 6.661081235306440249e+03 7.386003187788716787e+03 6.626016768714549471e+03 7.570731105859818854e+03 8.192730350425987126e+03 6.832088403392946930e+03 6.560122369778495340e+03 6.327772782594945056e+03 7.530258516848200088e+03 6.698453595452796435e+03 6.793811412796089826e+03
6.412833991673620403e+03 6.111403668974544416e+03 6.567825061440247737e+03 6.513714967471826640e+03 6.437125299825965158e+03 6.557907373002973145e+03 5.431644865652532644e+03 5.867034841564878661e+03 3.857762861951331161e+03 0.000000000000000000e+00 6.525799986008092674e+03 6.494838552345751850e+03 6.413009926212144819e+03 6.123666401429009966e+03 7.022184084062804686e+03 7.313147297745464130e+03 6.660965305780188828e+03 6.427124242983189106e+03 6.461363429352240928e+03 6.275951788183005192e+03 7.067306627152598594e+03 6.172695668428125828e+03 6.739921739698282181e+03 6.760943488978328787e+03 7.938555037102224560e+03 7.514187581589632828e+03 6.681686484303319958e+03 6.792517154151059913e+03 6.679348478662334855e+03 6.192561963719500454e+03 5.898608804018635055e+03 5.635422794222051380e+03 6.875446674527126561e+03 6.898512442569848645e+03 7.789955320040921833e+03 6.835989221449412071e+03 7.887187211357880187e+03 8.419010578030227407e+03 7.334344758604854178e+03 6.890491348642465709e+03 6.787918339565637325e+03 7.898945261346679217e+03 6.848503423174764066e+03 6.969993563679464387e+03
5.837244759404256001e+03 5.154049360536027052e+03 6.248990718695068608e+03 5.819857210881275932e+03 5.324142105056339460e+03 5.413624672156704946e+03 5.386071405224744922e+03 5.738222940350940007e+03 6.333243650079019972e+03 6.525799986008092674e+03 0.000000000000000000e+00 3.251613954157129228e+03 5.571950225323967061e+03 5.281103080572620456e+03 6.298681466416071089e+03 6.291761080302496339e+03 5.706326187315273273e+03 5.891240840846558967e+03 5.891973878733194397e+03 6.124081653045373059e+03 7.334096198360943163e+03 6.439209356652435417e+03 6.062503190435249962e+03 5.981445105447469359e+03 7.319463149387252088e+03 6.742546368826135222e+03 6.334350253792138574e+03 6.143717082337542706e+03 5.787529369309151662e+03 5.317232656296850109e+03 6.517186371852400043e+03 7.025358871915781492e+03 5.549008207619432142e+03 5.501529272696730004e+03 7.049356850646927342e+03 6.558106049322625040e+03 7.383335238407339602e+03 7.919435480203954285e+03 6.198088495221757512e+03 5.890734011430387909e+03 6.355853159836527993e+03 7.270600445902959109e+03 7.099309641910679602e+03 7.163691417955234101e+03
5.714194470184217607e+03 5.090105584684061796e+03 6.055611619023407002e+03 5.561400572010385076e+03 5.263944044043623762e+03 5.187216606643421983e+03 5.323884048841708136e+03 5.706582982416786763e+03 6.297827430966906832e+03 6.494838552345751850e+03 3.251613954157129228e+03 0.000000000000000000e+00 5.428884305584504546e+03 5.269845621333941381e+03 6.316495900077103215e+03 6.332948079426478216e+03 5.738570105005478581e+03 5.751968767971476154e+03 5.816487368842926116e+03 6.110034401262275424e+03 7.284041916472135199e+03 6.376506549142377480e+03 5.881302342641869473e+03 5.793684885429400310e+03 7.167227017270438409e+03 6.479974882569353213e+03 6.173303065869530656e+03 5.898281077616417861e+03 5.647959084932785117e+03 5.165124747145356196e+03 6.561485330397598773e+03 6.966271627449629705e+03 5.391525944532067115e+03 5.267049307371714349e+03 7.073110089069296919e+03 6.555147848561136016e+03 7.400957555755610883e+03 8.150525319172059426e+03 6.152376585446373610e+03 5.914888391853711255e+03 6.199523422071544701e+03 7.059322805854901162e+03 6.903590148847685668e+03 7.032819537548551125e+03
5.477335248416736249e+03 4.740643506996198994e+03 7.019003252485620578e+03 6.736363135562218304e+03 5.375496318644363782e+03 5.414865400720000252e+03 5.644286533718059218e+03 6.166363886438776717e+03 6.093449771966022126e+03 6.413009926212144819e+03 5.571950225323967061e+03 5.428884305584504546e+03 0.000000000000000000e+00 3.488022851088085190e+03 6.363155822066229121e+03 6.553582853936163701e+03 5.897370234431857170e+03 5.917099975311280105e+03 5.909085140137864073e+03 6.010311598412051353e+03 6.906094740267178167e+03 5.726353372821429730e+03 6.327652820883256936e+03 6.163096635469866669e+03 7.656660241470794062e+03 6.839593774387068152e+03 6.132732751944416123e+03 6.226572426496938533e+03 6.378774738551239352e+03 5.806272243542407523e+03 6.716627814012330418e+03 7.147938065588139580e+03 5.713096471085830672e+03 5.747024807264256197e+03 6.661150385401248968e+03 5.972160468608142764e+03 7.519010774492930977e+03 8.123424385902752874e+03 6.646741180441312281e+03 6.512435694727860209e+03 6.732081202245978602e+03 7.169988543526821559e+03 7.319688949953324482e+03 7.203638814876346260e+03
5.342629622608980753e+03 4.614637639646202842e+03 6.716621655229407224e+03 6.490228207533068598e+03 5.097579939010232920e+03 5.279740824269364566e+03 5.427077779971804375e+03 5.883160002097355573e+03 5.788952940860873241e+03 6.123666401429009966e+03 5.281103080572620456e+03 5.269845621333941381e+03 3.488022851088085190e+03 0.000000000000000000e+00 6.227024060346815531e+03 6.464751916844392326e+03 5.804249400814012006e+03 5.842592995436018100e+03 5.701946566232892110e+03 5.610757736879752883e+03 6.634504466813385989e+03 5.293997415702816397e+03 6.120299508079698171e+03 5.902211993993850228e+03 7.432900932337875929e+03 6.713451235424679908e+03 6.012375080817571870e+03 5.902659875875587204e+03 6.119319543231701573e+03 5.575754548461298327e+03 6.483873355945665935e+03 6.908722401999280919e+03 5.697613560155288724e+03 5.668475463706277878e+03 6.617532657889630173e+03 5.962023583431732732e+03 7.287589181943807489e+03 7.931401135412086660e+03 6.436289948148265466e+03 6.272457244323874875e+03 6.403552281640156252e+03 6.992130473405344674e+03 7.022724749688508382e+03 6.993661734607815561e+03
6.663969202623909950e+03 6.207046112005549730e+03 6.964814725212392659e+03 6.629598409167463615e+03 6.699058395630350788e+03 6.778636708542469933e+03 5.797746704032639173e+03 6.219891615808416645e+03 6.545056747648919554e+03 7.022184084062804686e+03 6.298681466416071089e+03 6.316495900077103215e+03 6.363155822066229121e+03 6.227024060346815531e+03 0.000000000000000000e+00 4.392162148728065404e+03 5.572171374494064366e+03 5.509188456888567998e+03 5.611712925219380850e+03 5.843382409817085318e+03 8.074965954374229113e+03 6.915591636560458937e+03 7.647651223807864881e+03 7.574770735136281473e+03 7.672453198270118264e+03 7.239067379690283815e+03 7.083399804556946947e+03 7.063721525786178063e+03 6.564946612553739214e+03 5.870481449825584605e+03 6.804255613981865281e+03 7.196586825351590051e+03 7.195868632296295800e+03 7.167090402199897653e+03 7.624117881050430697e+03 7.091730631645699759e+03 6.607394770436301769e+03 6.958478863070613443e+03 6.767611971726559204e+03 6.806415466064674547e+03 6.866616464214866937e+03 6.765784797567232090e+03 7.845843128251189228e+03 7.610611315887001183e+03
6.870965631798309914e+03 6.416841329247513386e+03 6.860372790114417512e+03 6.568231008475486306e+03 6.725084901665991310e+03 6.861688704284806590e+03 6.066438314229595562e+03 6.306453513724441109e+03 6.806809217377280220e+03 7.313147297745464130e+03 6.291761080302496339e+03 6.332948079426478216e+03 6.553582853936163701e+03 6.464751916844392326e+03 4.392162148728065404e+03 0.000000000000000000e+00 5.990118488725137468e+03 6.040799668248536364e+03 5.894802977014050157e+03 6.062104375224960677e+03 8.052310001085883414e+03 7.226281329015620031e+03 7.743154239095249977e+03 7.598878377416090188e+03 7.791361704683792595e+03 7.312442811822404110e+03 7.373297705750079331e+03 7.227561537240378129e+03 6.635341443580390660e+03 5.939079646788980426e+03 7.037390536045798399e+03 7.355360126252655391e+03 7.281446728550390617e+03 7.340541367257672391e+03 7.803468259880193727e+03 7.308227266960385350e+03 6.715923242418608424e+03 7.018079102193186372e+03 6.796806494367721825e+03 6.764937836983755005e+03 7.075310247576836446e+03 6.830269764874097746e+03 7.940469796828085236e+03 7.776348498981910780e+03
6.133944674525233495e+03 5.691123164219990031e+03 6.326232209190498907e+03 6.253122341966943168e+03 5.595309429140428620e+03 5.625832039161134162e+03 5.464812458850286021e+03 5.944879701815701083e+03 6.053401839848791496e+03 6.660965305780188828e+03 5.706326187315273273e+03 5.738570105005478581e+03 5.897370234431857170e+03 5.804249400814012006e+03 5.572171374494064366e+03 5.990118488725137468e+03 0.000000000000000000e+00 3.763547619221149944e+03 6.245197043192061756e+03 6.327834900566217584e+03 6.755616279054636834e+03 5.990828998638276062e+03 6.909701572362419029e+03 6.565370829439517365e+03 7.613620322910403047e+03 6.624828125283714144e+03 6.855927702855952703e+03 6.618344323197834456e+03 6.192903187962393531e+03 5.475363639966246410e+03 6.720436219556212563e+03 6.853732518723976682e+03 6.345989685658757480e+03 6.307168360809936530e+03 7.789413423473562034e+03 7.000792401199024425e+03 7.601043929608471444e+03 8.340514641708534327e+03 6.536122883126608031e+03 6.331206161110211724e+03 6.571451977633731985e+03 7.517626895133930702e+03 7.476284265488837264e+03 7.506501483812117840e+03
6.069069062830061739e+03 5.597812780049709545e+03 6.351548054539650366e+03 6.239187614141002996e+03 5.857922656567562626e+03 5.835198006916379200e+03 5.445254480364430492e+03 6.022120154701712636e+03 5.887953965476113808e+03 6.427124242983189106e+03 5.891240840846558967e+03 5.751968767971476154e+03 5.917099975311280105e+03 5.842592995436018100e+03 5.509188456888567998e+03 6.040799668248536364e+03 3.763547619221149944e+03 0.000000000000000000e+00 6.114866647318228388e+03 6.262848404760437916e+03 7.094762005589579530e+03 6.156437342137461201e+03 6.732086515816366045e+03 6.506143590699491142e+03 7.557400810363852543e+03 6.738284577453313432e+03 6.855248593688800611e+03 6.797429126989731230e+03 6.327137781546171027e+03 5.645104407874728167e+03 6.736244864105471606e+03 6.819268774346812279e+03 6.492020953510299478e+03 6.432993920544327921e+03 7.735380552212322982e+03 6.987718484015922513e+03 7.562592404070966040e+03 8.361620583813264602e+03 6.539673538369721427e+03 6.415056943506562675e+03 6.591596725169401907e+03 7.510528041487501469e+03 7.440868514745473476e+03 7.438527198899299947e+03
5.427550334120415755e+03 5.124812639685510476e+03 6.535376618267362574e+03 6.381144140840701766e+03 5.788129818248458832e+03 5.771589410738566585e+03 4.805973361008042957e+03 5.487028668185004790e+03 5.986998610239113987e+03 6.461363429352240928e+03 5.891973878733194397e+03 5.816487368842926116e+03 5.909085140137864073e+03 5.701946566232892110e+03 5.611712925219380850e+03 5.894802977014050157e+03 6.245197043192061756e+03 6.114866647318228388e+03 0.000000000000000000e+00 3.405486650953860590e+03 7.231864992571781841e+03 6.013550383238140057e+03 6.610530755426098949e+03 6.479597739877453023e+03 7.317582812130624916e+03 6.362956792869248602e+03 6.443569301647841712e+03 6.121555643696126936e+03 5.790327373776653076e+03 5.193929006901816138e+03 6.014624584331038932e+03 6.386772402084588975e+03 6.273236389823591708e+03 6.284321370445006323e+03 7.566771667567427357e+03 6.951635739079573796e+03 6.910984209100769476e+03 7.366248797849889343e+03 6.580989856554875587e+03 6.788900945166085876e+03 5.040201155533713973e+03 5.237033965712431382e+03 7.019763238202389402e+03 6.831855091976975928e+03
5.480717114283969750e+03 5.064128167979180034e+03 6.811078631142418089e+03 6.650910671222337442e+03 5.749871845647149712e+03 5.716807697281285073e+03 4.824707563752221176e+03 5.486141766278959949e+03 5.988593063416655241e+03 6.275951788183005192e+03 6.124081653045373059e+03 6.110034401262275424e+03 6.010311598412051353e+03 5.610757736879752883e+03 5.843382409817085318e+03 6.062104375224960677e+03 6.327834900566217584e+03 6.262848404760437916e+03 3.405486650953860590e+03 0.000000000000000000e+00 7.436241908019248513e+03 5.939155496392640998e+03 6.584741974931500408e+03 6.384256398225277735e+03 7.321315501419016073e+03 6.579669522482434331e+03 6.558208767051306495e+03 6.341868625948614863e+03 5.749167796390004696e+03 5.036865416910266504e+03 5.837237817629331403e+03 6.117806827064663594e+03 6.445748066904596271e+03 6.476880661353823598e+03 7.714833680313655350e+03 6.993647975280086939e+03 6.885400626643882788e+03 7.354650196514890922e+03 6.692667552416757644e+03 6.787707836125622634e+03 5.165350572523626397e+03 5.727160945497385001e+03 7.113905358192099811e+03 6.871807091849218523e+03
7.555630624843020996e+03 7.133306067550596708e+03 7.236822686636871367e+03 6.879321337024047352e+03 5.652082412223810934e+03 5.294419445325173001e+03 7.021728168043021469e+03 7.491241740386513811e+03 7.113400747777331162e+03 7.067306627152598594e+03 7.334096198360943163e+03 7.284041916472135199e+03 6.906094740267178167e+03 6.634504466813385989e+03 8.074965954374229113e+03 8.052310001085883414e+03 6.755616279054636834e+03 7.094762005589579530e+03 7.231864992571781841e+03 7.436241908019248513e+03 0.000000000000000000e+00 4.291073749112725636e+03 8.278887620682540728e+03 7.806148688050478995e+03 8.999095424635770541e+03 8.575933064329437912e+03 7.983806718385133536e+03 7.745810768393341277e+03 7.929991994936786796e+03 7.433586541426366239e+03 8.429189350749131336e+03 8.349230342010649110e+03 7.986898181755988844e+03 8.126185052708617150e+03 9.045226791331448112e+03 7.916533830309045698e+03 9.457145970429279259e+03 9.836072517689524830e+03 7.823620371693386915e+03 7.642046144700682817e+03 7.798287458136458554e+03 8.975088975172184291e+03 8.541295136101183743e+03 8.225306901588150140e+03
6.299316987837603847e+03 5.802398324760054493e+03 6.416239208621048419e+03 6.055420280849861228e+03 4.748892797007300942e+03 4.428885885932866586e+03 5.910690123520982524e+03 6.532951259343579295e+03 6.125245903057794749e+03 6.172695668428125828e+03 6.439209356652435417e+03 6.376506549142377480e+03 5.726353372821429730e+03 5.293997415702816397e+03 6.915591636560458937e+03 7.226281329015620031e+03 5.990828998638276062e+03 6.156437342137461201e+03 6.013550383238140057e+03 5.939155496392640998e+03 4.291073749112725636e+03 0.000000000000000000e+00 6.797590174618928359e+03 6.434211039369813079e+03 7.981990278956189286e+03 7.369682826116140859e+03 6.554316399057768649e+03 6.122712888647212822e+03 6.792230413415403746e+03 6.172542425679459484e+03 6.990684740856005192e+03 7.102958025136471406e+03 6.801027042368616094e+03 6.864213185109064398e+03 7.451776997880266208e+03 6.404255055980117504e+03 8.724599129088010159e+03 9.203199725168024088e+03 7.143698541747556192e+03 6.920832862142712656e+03 6.528674088244647464e+03 7.643482655955121118e+03 7.152499076065980262e+03 6.799298843264279640e+03
5.257243732013492263e+03 4.675298825546461558e+03 6.743998273926945330e+03 6.714307168965377059e+03 6.116087067694973484e+03 6.334247523318433196e+03 5.487527077603946054e+03 6.162438702394433676e+03 6.506076731759148970e+03 6.739921739698282181e+03 6.062503190435249962e+03 5.881302342641869473e+03 6.327652820883256936e+03 6.120299508079698171e+03 7.647651223807864881e+03 7.743154239095249977e+03 6.909701572362419029e+03 6.732086515816366045e+03 6.610530755426098949e+03 6.584741974931500408e+03 8.278887620682540728e+03 6.797590174618928359e+03 0.000000000000000000e+00 3.297619512558227143e+03 7.534069711698622086e+03 6.809739432050886535e+03 5.479153464667429034e+03 5.237693180743246558e+03 5.781731240833256379e+03 5.055589862300459572e+03 6.160169571298643859e+03 6.645403388830734002e+03 4.887347069962820569e+03 4.585168889631000638e+03 6.126796643043722725e+03 5.923445937434281404e+03 7.557456552217278841e+03 8.555949068572566830e+03 6.947482240178176653e+03 6.467206405240704044e+03 5.762704463864746685e+03 6.782101269107757616e+03 6.552594630256364326e+03 6.379479641508089117e+03
5.421404117438497451e+03 4.800495737547792487e+03 6.360911934048892363e+03 6.240136973279183621e+03 6.087164448178151360e+03 6.287257720144923042e+03 5.350378755583171369e+03 5.927663799980794465e+03 6.431991439132601045e+03 6.760943488978328787e+03 5.981445105447469359e+03 5.793684885429400310e+03 6.163096635469866669e+03 5.902211993993850228e+03 7.574770735136281473e+03 7.598878377416090188e+03 6.565370829439517365e+03 6.506143590699491142e+03 6.479597739877453023e+03 6.384256398225277735e+03 7.806148688050478995e+03 6.434211039369813079e+03 3.297619512558227143e+03 0.000000000000000000e+00 7.279229462339998463e+03 6.790745881026449752e+03 5.721130974398616672e+03 5.452627276912091475e+03 5.943328539213416661e+03 5.239596906501182275e+03 6.213580087404295227e+03 6.617106203432546863e+03 5.104697396182731609e+03 5.069169258244281082e+03 6.206630831810187374e+03 6.112025321709041236e+03 7.691748173309687445e+03 8.404955200419795801e+03 6.774834095029980745e+03 6.370402553088089917e+03 5.828244141291923370e+03 6.876406304997785810e+03 6.454864802032703665e+03 6.113663680502317220e+03
7.560877303030886651e+03 7.024138924032862633e+03 7.036347221709391306e+03 7.125452538609417388e+03 7.318080619862084859e+03 7.614926851321562026e+03 6.682962933097011955e+03 6.866604584096828148e+03 7.946675874308313723e+03 7.938555037102224560e+03 7.319463149387252088e+03 7.167227017270438409e+03 7.656660241470794062e+03 7.432900932337875929e+03 7.672453198270118264e+03 7.791361704683792595e+03 7.613620322910403047e+03 7.557400810363852543e+03 7.317582812130624916e+03 7.321315501419016073e+03 8.999095424635770541e+03 7.981990278956189286e+03 7.534069711698622086e+03 7.279229462339998463e+03 0.000000000000000000e+00 4.820106593612478719e+03 7.329601989915516242e+03 7.240869326235004337e+03 6.439990782223328097e+03 5.561337853758713209e+03 6.628080923801263452e+03 7.243727484973660466e+03 7.020751627443762118e+03 6.930212937148476158e+03 8.728095805062785075e+03 7.841548795260605402e+03 8.026746373991266410e+03 8.638748903302715917e+03 7.807334382457492211e+03 7.734961743090854725e+03 7.905829779766501815e+03 8.250688835913140792e+03 7.148575789660688315e+03 7.256720332902572409e+03
6.483724825152406993e+03 6.184205633130757633e+03 6.861928018716211227e+03 6.807847228971019831e+03 6.572190943590626375e+03 6.904611646073682095e+03 5.901171559813294152e+03 6.181424664737482090e+03 7.169744777683657048e+03 7.514187581589632828e+03 6.742546368826135222e+03 6.479974882569353213e+03 6.839593774387068152e+03 6.713451235424679908e+03 7.239067379690283815e+03 7.312442811822404110e+03 6.624828125283714144e+03 6.738284577453313432e+03 6.362956792869248602e+03 6.579669522482434331e+03 8.575933064329437912e+03 7.369682826116140859e+03 6.809739432050886535e+03 6.790745881026449752e+03 4.820106593612478719e+03 0.000000000000000000e+00 7.040075551051131697e+03 7.074005132260404935e+03 5.880979207879781825e+03 5.062009404668375282e+03 6.456189655045383915e+03 7.052465318349371955e+03 6.381854659685054685e+03 6.389209971845740256e+03 8.108457659894927019e+03 7.443898918849210531e+03 7.568877380826769695e+03 7.921224211014457069e+03 7.090159897283650025e+03 7.006195843722361133e+03 7.139463497066629316e+03 7.421306512312168707e+03 6.994830583677293362e+03 7.017762832581680414e+03
5.944493741528701321e+03 5.734819453600927773e+03 6.630773570456331072e+03 6.362473159527107782e+03 5.864398672092133893e+03 6.030206439763534945e+03 5.584805235958598132e+03 6.193854374325209392e+03 6.357947400016692882e+03 6.681686484303319958e+03 6.334350253792138574e+03 6.173303065869530656e+03 6.132732751944416123e+03 6.012375080817571870e+03 7.083399804556946947e+03 7.373297705750079331e+03 6.855927702855952703e+03 6.855248593688800611e+03 6.443569301647841712e+03 6.558208767051306495e+03 7.983806718385133536e+03 6.554316399057768649e+03 5.479153464667429034e+03 5.721130974398616672e+03 7.329601989915516242e+03 7.040075551051131697e+03 0.000000000000000000e+00 3.349979682675829736e+03 5.998425921315294545e+03 5.410108205353536505e+03 6.347348599238701354e+03 6.532345857307353981e+03 5.934203472451836205e+03 5.485926145852351510e+03 6.348253763192455153e+03 5.946724424600723978e+03 7.908192519198431000e+03 8.722404163615845391e+03 6.567628422481185225e+03 6.300111858702307472e+03 6.584658878347332575e+03 7.200619509144815311e+03 4.763663266800136626e+03 4.737604584901816452e+03
5.939212807599681582e+03 5.433742580042479858e+03 6.554086982199346494e+03 6.365674772526545894e+03 5.383803415092997056e+03 5.535260559053051111e+03 5.421388594084240140e+03 6.316287399201062726e+03 6.321750102728152342e+03 6.792517154151059913e+03 6.143717082337542706e+03 5.898281077616417861e+03 6.226572426496938533e+03 5.902659875875587204e+03 7.063721525786178063e+03 7.227561537240378129e+03 6.618344323197834456e+03 6.797429126989731230e+03 6.121555643696126936e+03 6.341868625948614863e+03 7.745810768393341277e+03 6.122712888647212822e+03 5.237693180743246558e+03 5.452627276912091475e+03 7.240869326235004337e+03 7.074005132260404935e+03 3.349979682675829736e+03 0.000000000000000000e+00 5.742155497185253807e+03 5.162262932180527969e+03 6.544490686832101346e+03 6.411154449000118802e+03 5.667222586153344309e+03 5.276107681236265307e+03 6.327377353623513955e+03 6.027814468752248104e+03 7.948729522038494906e+03 8.445989241734010648e+03 5.985235824802425668e+03 5.820315900069785130e+03 6.043789230227016560e+03 7.004797426610100047e+03 4.588535495173015988e+03 4.478792874543424659e+03
5.866585162194795885e+03 5.275707907284950124e+03 6.562930535277162562e+03 6.469200625500230672e+03 5.968863308961566872e+03 6.216030219257437238e+03 4.828905704147746292e+03 5.533332520587866384e+03 6.426803608932849784e+03 6.679348478662334855e+03 5.787529369309151662e+03 5.647959084932785117e+03 6.378774738551239352e+03 6.119319543231701573e+03 6.564946612553739214e+03 6.635341443580390660e+03 6.192903187962393531e+03 6.327137781546171027e+03 5.790327373776653076e+03 5.749167796390004696e+03 7.929991994936786796e+03 6.792230413415403746e+03 5.781731240833256379e+03 5.943328539213416661e+03 6.439990782223328097e+03 5.880979207879781825e+03 5.998425921315294545e+03 5.742155497185253807e+03 0.000000000000000000e+00 3.544130613630878543e+03 5.668633236480252890e+03 5.959731435115649219e+03 5.564789331158986897e+03 5.362672219233812939e+03 7.234687673638906745e+03 6.237895325460791355e+03 7.038660241497938841e+03 7.771813604550368836e+03 6.315260661839540262e+03 5.992531016958674627e+03 5.391756482689354016e+03 6.606441120540421252e+03 6.794872541397313398e+03 6.968970948060358751e+03
5.655292796419385922e+03 4.746988833837727725e+03 6.066448470135968819e+03 5.949486430679506157e+03 5.336934212327975729e+03 5.596837986477671620e+03 4.246977692022627707e+03 4.826016950011724475e+03 5.861284879990710579e+03 6.192561963719500454e+03 5.317232656296850109e+03 5.165124747145356196e+03 5.806272243542407523e+03 5.575754548461298327e+03 5.870481449825584605e+03 5.939079646788980426e+03 5.475363639966246410e+03 5.645104407874728167e+03 5.193929006901816138e+03 5.036865416910266504e+03 7.433586541426366239e+03 6.172542425679459484e+03 5.055589862300459572e+03 5.239596906501182275e+03 5.561337853758713209e+03 5.062009404668375282e+03 5.410108205353536505e+03 5.162262932180527969e+03 3.544130613630878543e+03 0.000000000000000000e+00 4.909530768232119044e+03 5.636571887395214617e+03 5.399493712520898043e+03 5.067914658677716943e+03 7.067197513763245297e+03 6.220221967103263523e+03 6.133023793759836735e+03 7.084846455263626922e+03 5.755082557207239006e+03 5.543256005146376992e+03 4.899762002688721623e+03 5.799765682101538005e+03 6.257253593466383791e+03 6.256538247746725574e+03
6.555515683545628235e+03 5.968336439098065966e+03 6.902071446110958277e+03 6.939344186137274846e+03 6.342786052168876267e+03 6.760925793967157915e+03 5.137839911830765232e+03 5.811482756662556312e+03 5.522948363696988054e+03 5.898608804018635055e+03 6.517186371852400043e+03 6.561485330397598773e+03 6.716627814012330418e+03 6.483873355945665935e+03 6.804255613981865281e+03 7.037390536045798399e+03 6.720436219556212563e+03 6.736244864105471606e+03 6.014624584331038932e+03 5.837237817629331403e+03 8.429189350749131336e+03 6.990684740856005192e+03 6.160169571298643859e+03 6.213580087404295227e+03 6.628080923801263452e+03 6.456189655045383915e+03 6.347348599238701354e+03 6.544490686832101346e+03 5.668633236480252890e+03 4.909530768232119044e+03 0.000000000000000000e+00 4.266844250365279549e+03 6.428547529037008644e+03 6.342473533359867361e+03 7.402877899047161009e+03 6.731797111630762629e+03 7.098676615532628603e+03 7.733922428053004296e+03 7.089721172479815323e+03 6.823978678272533216e+03 5.510387521613489298e+03 6.532578027094326899e+03 6.601100972157520118e+03 6.721490698122329377e+03
6.640625475898263176e+03 6.287273390711122374e+03 7.117077931166823873e+03 7.132053812220323380e+03 6.760849800766064618e+03 7.114929158329224265e+03 5.438895179316648864e+03 6.175112276890942667e+03 5.377110228810758599e+03 5.635422794222051380e+03 7.025358871915781492e+03 6.966271627449629705e+03 7.147938065588139580e+03 6.908722401999280919e+03 7.196586825351590051e+03 7.355360126252655391e+03 6.853732518723976682e+03 6.819268774346812279e+03 6.386772402084588975e+03 6.117806827064663594e+03 8.349230342010649110e+03 7.102958025136471406e+03 6.645403388830734002e+03 6.617106203432546863e+03 7.243727484973660466e+03 7.052465318349371955e+03 6.532345857307353981e+03 6.411154449000118802e+03 5.959731435115649219e+03 5.636571887395214617e+03 4.266844250365279549e+03 0.000000000000000000e+00 6.741251084839167561e+03 6.705390002854622253e+03 7.939793300698569510e+03 7.110970526078176590e+03 7.838914671622826063e+03 8.318304660950851030e+03 7.417398318732113694e+03 7.346573891313512831e+03 5.851128735208454600e+03 6.775084833639727549e+03 6.762457148002707982e+03 7.037408883979276652e+03
5.464455143912389758e+03 5.003548457598773894e+03 6.669637732354963191e+03 6.556678268626841600e+03 5.808776070013015669e+03 6.070236973877192213e+03 5.526517738527108122e+03 5.938786211651525264e+03 6.644448762329754572e+03 6.875446674527126561e+03 5.549008207619432142e+03 5.391525944532067115e+03 5.713096471085830672e+03 5.697613560155288724e+03 7.195868632296295800e+03 7.281446728550390617e+03 6.345989685658757480e+03 6.492020953510299478e+03 6.273236389823591708e+03 6.445748066904596271e+03 7.986898181755988844e+03 6.801027042368616094e+03 4.887347069962820569e+03 5.104697396182731609e+03 7.020751627443762118e+03 6.381854659685054685e+03 5.934203472451836205e+03 5.667222586153344309e+03 5.564789331158986897e+03 5.399493712520898043e+03 6.428547529037008644e+03 6.741251084839167561e+03 0.000000000000000000e+00 3.247394805352881122e+03 6.584973427562566030e+03 6.069506325450096483e+03 7.710591482336988520e+03 8.508228233803112744e+03 6.918173126697232874e+03 6.439151025768994259e+03 6.066759659798949542e+03 7.015050178173930362e+03 6.491700300096103092e+03 6.557796291848078909e+03
5.500359106150111984e+03 5.018649545111499719e+03 6.693354245950362383e+03 6.665217946535762167e+03 5.813011320206011987e+03 6.184003763309945498e+03 5.448009696721384898e+03 5.858114995306112178e+03 6.661081235306440249e+03 6.898512442569848645e+03 5.501529272696730004e+03 5.267049307371714349e+03 5.747024807264256197e+03 5.668475463706277878e+03 7.167090402199897653e+03 7.340541367257672391e+03 6.307168360809936530e+03 6.432993920544327921e+03 6.284321370445006323e+03 6.476880661353823598e+03 8.126185052708617150e+03 6.864213185109064398e+03 4.585168889631000638e+03 5.069169258244281082e+03 6.930212937148476158e+03 6.389209971845740256e+03 5.485926145852351510e+03 5.276107681236265307e+03 5.362672219233812939e+03 5.067914658677716943e+03 6.342473533359867361e+03 6.705390002854622253e+03 3.247394805352881122e+03 0.000000000000000000e+00 6.615791769953933908e+03 5.891033366640683198e+03 7.509730766048432997e+03 8.358263230082873633e+03 6.600903954356077520e+03 6.335314371258223218e+03 5.964007953736631862e+03 6.899488643726621376e+03 6.371336362719539466e+03 6.340417745270847263e+03
7.112455178739613984e+03 6.534689114856431843e+03 7.994148071235395037e+03 7.749596939576205841e+03 7.335929825127928780e+03 7.427059912241367783e+03 6.660429293945589961e+03 7.567247006719329875e+03 7.386003187788716787e+03 7.789955320040921833e+03 7.049356850646927342e+03 7.073110089069296919e+03 6.661150385401248968e+03 6.617532657889630173e+03 7.624117881050430697e+03 7.803468259880193727e+03 7.789413423473562034e+03 7.735380552212322982e+03 7.566771667567427357e+03 7.714833680313655350e+03 9.045226791331448112e+03 7.451776997880266208e+03 6.126796643043722725e+03 6.206630831810187374e+03 8.728095805062785075e+03 8.108457659894927019e+03 6.348253763192455153e+03 6.327377353623513955e+03 7.234687673638906745e+03 7.067197513763245297e+03 7.402877899047161009e+03 7.939793300698569510e+03 6.584973427562566030e+03 6.615791769953933908e+03 0.000000000000000000e+00 4.813146366164008214e+03 7.675544815886143624e+03 8.468570329738031432e+03 7.319779834105143891e+03 7.335708038405285151e+03 7.733023042780370815e+03 7.378381734838909324e+03 7.070652967031566732e+03 6.886760554389478784e+03
6.333026791042212608e+03 5.948847141873355213e+03 7.275585187314030918e+03 6.879238824800725524e+03 6.494029611925036988e+03 6.514997505902720150e+03 6.175706982727888317e+03 6.654817226156257675e+03 6.626016768714549471e+03 6.835989221449412071e+03 6.558106049322625040e+03 6.555147848561136016e+03 5.972160468608142764e+03 5.962023583431732732e+03 7.091730631645699759e+03 7.308227266960385350e+03 7.000792401199024425e+03 6.987718484015922513e+03 6.951635739079573796e+03 6.993647975280086939e+03 7.916533830309045698e+03 6.404255055980117504e+03 5.923445937434281404e+03 6.112025321709041236e+03 7.841548795260605402e+03 7.443898918849210531e+03 5.946724424600723978e+03 6.027814468752248104e+03 6.237895325460791355e+03 6.220221967103263523e+03 6.731797111630762629e+03 7.110970526078176590e+03 6.069506325450096483e+03 5.891033366640683198e+03 4.813146366164008214e+03 0.000000000000000000e+00 7.475003994363144557e+03 8.311180509467325464e+03 6.552059480828257620e+03 6.239971790797414542e+03 7.079642519932815958e+03 7.114045425860486830e+03 6.592631236583391001e+03 6.609739552829716558e+03
